--------------------
Cycle 1:	260 ADD R1, R0, R0

Registers
R00:	0	0	0	0	0	0	0	0	
R08:	0	0	0	0	0	0	0	0	
R16:	0	0	0	0	0	0	0	0	
R24:	0	0	0	0	0	0	0	0	

Data
316:	-1	-1	-1	-1	-1	-1	-1	-1	
348:	-1	-2	-3	1	2	4	-4	10	

--------------------
Cycle 2:	264 ADD R6, R0, R0

Registers
R00:	0	0	0	0	0	0	0	0	
R08:	0	0	0	0	0	0	0	0	
R16:	0	0	0	0	0	0	0	0	
R24:	0	0	0	0	0	0	0	0	

Data
316:	-1	-1	-1	-1	-1	-1	-1	-1	
348:	-1	-2	-3	1	2	4	-4	10	

--------------------
Cycle 3:	268 ADDI R2, R0, #3

Registers
R00:	0	0	0	0	0	0	0	0	
R08:	0	0	3	0	0	0	0	0	
R16:	0	3	0	0	0	0	0	0	
R24:	0	0	0	0	0	0	0	0	

Data
316:	-1	-1	-1	-1	-1	-1	-1	-1	
348:	-1	-2	-3	1	2	4	-4	10	

--------------------
Cycle 4:	272 BEQ R1 R2, #36

Registers
R00:	0	0	0	0	0	0	0	0	
R08:	0	0	3	0	0	0	0	0	
R16:	0	3	0	0	0	0	0	0	
R24:	0	0	0	0	0	0	0	0	

Data
316:	-1	-1	-1	-1	-1	-1	-1	-1	
348:	-1	-2	-3	1	2	4	-4	10	

--------------------
Cycle 5:	276 LW R3, (316)6

Registers
R00:	0	0	0	0	0	0	0	0	
R08:	0	0	3	-2	0	0	0	0	
R16:	0	3	0	0	0	0	0	0	
R24:	0	-2	0	0	0	0	0	0	

Data
316:	-1	-1	-1	-1	-1	-1	-1	-1	
348:	-1	-2	-3	1	2	4	-4	10	

--------------------
Cycle 6:	280 LW R4, (332)6

Registers
R00:	0	0	0	0	0	0	0	0	
R08:	0	0	3	-2	4	0	0	0	
R16:	0	3	4	0	0	0	0	0	
R24:	0	-2	0	0	0	0	0	0	

Data
316:	-1	-1	-1	-1	-1	-1	-1	-1	
348:	-1	-2	-3	1	2	4	-4	10	

--------------------
Cycle 7:	284 MUL R5, R3, R4

Registers
R00:	0	0	0	0	0	0	0	0	
R08:	0	0	3	-2	4	-8	0	0	
R16:	0	3	4	0	0	0	0	0	
R24:	0	-2	0	0	0	0	0	0	

Data
316:	-1	-1	-1	-1	-1	-1	-1	-1	
348:	-1	-2	-3	1	2	4	-4	10	

--------------------
Cycle 8:	292 BGTZ R5, #4

Registers
R00:	0	0	0	0	0	0	0	0	
R08:	0	0	3	-2	4	-8	0	0	
R16:	0	3	4	0	0	0	0	0	
R24:	0	-2	0	0	0	0	0	0	

Data
316:	-1	-1	-1	-1	-1	-1	-1	-1	
348:	-1	-2	-3	1	2	4	-4	10	

--------------------
Cycle 9:	292 ADDI R5, R5, #12

Registers
R00:	0	0	0	0	0	0	0	0	
R08:	0	0	3	-2	4	4	0	0	
R16:	0	3	4	0	0	0	0	0	
R24:	0	-2	0	0	0	0	0	0	

Data
316:	-1	-1	-1	-1	-1	-1	-1	-1	
348:	-1	-2	-3	1	2	4	-4	10	

--------------------
Cycle 10:	296 SW R5, (348)6

Registers
R00:	0	0	0	0	0	0	0	0	
R08:	0	0	3	-2	4	4	0	0	
R16:	0	3	4	0	0	0	0	0	
R24:	0	-2	0	0	0	0	0	0	

Data
316:	-1	-1	-1	-1	-1	-1	-1	-1	
348:	-1	-2	-3	1	2	4	-4	10	

--------------------
Cycle 11:	300 ADDI R1, R1, #1

Registers
R00:	0	0	0	0	0	0	0	0	
R08:	0	1	3	-2	4	4	0	0	
R16:	0	3	4	0	0	0	0	0	
R24:	0	-2	0	0	0	0	0	0	

Data
316:	-1	-1	-1	-1	-1	-1	-1	-1	
348:	-1	-2	-3	1	2	4	-4	10	

--------------------
Cycle 12:	304 ADDI R6, R6, #4

Registers
R00:	0	0	0	0	0	0	0	0	
R08:	0	1	3	-2	4	4	4	0	
R16:	0	3	4	4	0	0	0	0	
R24:	0	-2	4	0	0	0	0	0	

Data
316:	-1	-1	-1	-1	-1	-1	-1	-1	
348:	-1	-2	-3	1	2	4	-4	10	

--------------------
Cycle 13:	308 J #272

Registers
R00:	0	0	0	0	0	0	0	0	
R08:	0	1	3	-2	4	4	4	0	
R16:	0	3	4	4	0	0	0	0	
R24:	0	-2	4	0	0	0	0	0	

Data
316:	-1	-1	-1	-1	-1	-1	-1	-1	
348:	-1	-2	-3	1	2	4	-4	10	

--------------------
Cycle 14:	272 BEQ R1 R2, #36

Registers
R00:	0	0	0	0	0	0	0	0	
R08:	0	1	3	-2	4	4	4	0	
R16:	0	3	4	4	0	0	0	0	
R24:	0	-2	4	0	0	0	0	0	

Data
316:	-1	-1	-1	-1	-1	-1	-1	-1	
348:	-1	-2	-3	1	2	4	-4	10	

--------------------
Cycle 15:	276 LW R3, (316)6

Registers
R00:	0	0	0	0	0	0	0	0	
R08:	0	1	3	-2	4	4	4	0	
R16:	0	3	4	4	0	0	0	0	
R24:	0	-2	4	0	0	0	0	0	

Data
316:	-1	-1	-1	-1	-1	-1	-1	-1	
348:	-1	-2	-3	1	2	4	-4	10	

--------------------
Cycle 16:	280 LW R4, (332)6

Registers
R00:	0	0	0	0	0	0	0	0	
R08:	0	1	3	-2	4	4	4	0	
R16:	0	3	4	4	0	0	0	0	
R24:	0	-2	4	0	0	0	0	0	

Data
316:	-1	-1	-1	-1	-1	-1	-1	-1	
348:	-1	-2	-3	1	2	4	-4	10	

--------------------
Cycle 17:	284 MUL R5, R3, R4

Registers
R00:	0	0	0	0	0	0	0	0	
R08:	0	1	3	-2	4	-8	4	0	
R16:	0	3	4	4	0	0	0	0	
R24:	0	-2	4	0	0	0	0	0	

Data
316:	-1	-1	-1	-1	-1	-1	-1	-1	
348:	-1	-2	-3	1	2	4	-4	10	

--------------------
Cycle 18:	292 BGTZ R5, #4

Registers
R00:	0	0	0	0	0	0	0	0	
R08:	0	1	3	-2	4	-8	4	0	
R16:	0	3	4	4	0	0	0	0	
R24:	0	-2	4	0	0	0	0	0	

Data
316:	-1	-1	-1	-1	-1	-1	-1	-1	
348:	-1	-2	-3	1	2	4	-4	10	

--------------------
Cycle 19:	292 ADDI R5, R5, #12

Registers
R00:	0	0	0	0	0	0	0	0	
R08:	0	1	3	-2	4	4	4	0	
R16:	0	3	4	4	0	0	0	0	
R24:	0	-2	4	0	0	0	0	0	

Data
316:	-1	-1	-1	-1	-1	-1	-1	-1	
348:	-1	-2	-3	1	2	4	-4	10	

--------------------
Cycle 20:	296 SW R5, (348)6

Registers
R00:	0	0	0	0	0	0	0	0	
R08:	0	1	3	-2	4	4	4	0	
R16:	0	3	4	4	0	0	0	0	
R24:	0	-2	4	0	0	0	0	0	

Data
316:	-1	-1	-1	-1	-1	-1	-1	-1	
348:	-1	-2	-3	1	2	4	-4	10	

--------------------
Cycle 21:	300 ADDI R1, R1, #1

Registers
R00:	0	0	0	0	0	0	0	0	
R08:	0	2	3	-2	4	4	4	0	
R16:	0	3	4	4	0	0	0	0	
R24:	0	-2	4	0	0	0	0	0	

Data
316:	-1	-1	-1	-1	-1	-1	-1	-1	
348:	-1	-2	-3	1	2	4	-4	10	

--------------------
Cycle 22:	304 ADDI R6, R6, #4

Registers
R00:	0	0	0	0	0	0	0	0	
R08:	0	2	3	-2	4	4	8	0	
R16:	0	3	4	8	0	0	0	0	
R24:	0	-2	8	0	0	0	0	0	

Data
316:	-1	-1	-1	-1	-1	-1	-1	-1	
348:	-1	-2	-3	1	2	4	-4	10	

--------------------
Cycle 23:	308 J #272

Registers
R00:	0	0	0	0	0	0	0	0	
R08:	0	2	3	-2	4	4	8	0	
R16:	0	3	4	8	0	0	0	0	
R24:	0	-2	8	0	0	0	0	0	

Data
316:	-1	-1	-1	-1	-1	-1	-1	-1	
348:	-1	-2	-3	1	2	4	-4	10	

--------------------
Cycle 24:	272 BEQ R1 R2, #36

Registers
R00:	0	0	0	0	0	0	0	0	
R08:	0	2	3	-2	4	4	8	0	
R16:	0	3	4	8	0	0	0	0	
R24:	0	-2	8	0	0	0	0	0	

Data
316:	-1	-1	-1	-1	-1	-1	-1	-1	
348:	-1	-2	-3	1	2	4	-4	10	

--------------------
Cycle 25:	276 LW R3, (316)6

Registers
R00:	0	0	0	0	0	0	0	0	
R08:	0	2	3	-2	4	4	8	0	
R16:	0	3	4	8	0	0	0	0	
R24:	0	-2	8	0	0	0	0	0	

Data
316:	-1	-1	-1	-1	-1	-1	-1	-1	
348:	-1	-2	-3	1	2	4	-4	10	

--------------------
Cycle 26:	280 LW R4, (332)6

Registers
R00:	0	0	0	0	0	0	0	0	
R08:	0	2	3	-2	4	4	8	0	
R16:	0	3	4	8	0	0	0	0	
R24:	0	-2	8	0	0	0	0	0	

Data
316:	-1	-1	-1	-1	-1	-1	-1	-1	
348:	-1	-2	-3	1	2	4	-4	10	

--------------------
Cycle 27:	284 MUL R5, R3, R4

Registers
R00:	0	0	0	0	0	0	0	0	
R08:	0	2	3	-2	4	-8	8	0	
R16:	0	3	4	8	0	0	0	0	
R24:	0	-2	8	0	0	0	0	0	

Data
316:	-1	-1	-1	-1	-1	-1	-1	-1	
348:	-1	-2	-3	1	2	4	-4	10	

--------------------
Cycle 28:	292 BGTZ R5, #4

Registers
R00:	0	0	0	0	0	0	0	0	
R08:	0	2	3	-2	4	-8	8	0	
R16:	0	3	4	8	0	0	0	0	
R24:	0	-2	8	0	0	0	0	0	

Data
316:	-1	-1	-1	-1	-1	-1	-1	-1	
348:	-1	-2	-3	1	2	4	-4	10	

--------------------
Cycle 29:	292 ADDI R5, R5, #12

Registers
R00:	0	0	0	0	0	0	0	0	
R08:	0	2	3	-2	4	4	8	0	
R16:	0	3	4	8	0	0	0	0	
R24:	0	-2	8	0	0	0	0	0	

Data
316:	-1	-1	-1	-1	-1	-1	-1	-1	
348:	-1	-2	-3	1	2	4	-4	10	

--------------------
Cycle 30:	296 SW R5, (348)6

Registers
R00:	0	0	0	0	0	0	0	0	
R08:	0	2	3	-2	4	4	8	0	
R16:	0	3	4	8	0	0	0	0	
R24:	0	-2	8	0	0	0	0	0	

Data
316:	-1	-1	-1	-1	-1	-1	-1	-1	
348:	-1	-2	-3	1	2	4	-4	10	

--------------------
Cycle 31:	300 ADDI R1, R1, #1

Registers
R00:	0	0	0	0	0	0	0	0	
R08:	0	3	3	-2	4	4	8	0	
R16:	0	3	4	8	0	0	0	0	
R24:	0	-2	8	0	0	0	0	0	

Data
316:	-1	-1	-1	-1	-1	-1	-1	-1	
348:	-1	-2	-3	1	2	4	-4	10	

--------------------
Cycle 32:	304 ADDI R6, R6, #4

Registers
R00:	0	0	0	0	0	0	0	0	
R08:	0	3	3	-2	4	4	12	0	
R16:	0	3	4	12	0	0	0	0	
R24:	0	-2	12	0	0	0	0	0	

Data
316:	-1	-1	-1	-1	-1	-1	-1	-1	
348:	-1	-2	-3	1	2	4	-4	10	

--------------------
Cycle 33:	308 J #272

Registers
R00:	0	0	0	0	0	0	0	0	
R08:	0	3	3	-2	4	4	12	0	
R16:	0	3	4	12	0	0	0	0	
R24:	0	-2	12	0	0	0	0	0	

Data
316:	-1	-1	-1	-1	-1	-1	-1	-1	
348:	-1	-2	-3	1	2	4	-4	10	

--------------------
Cycle 34:	272 BEQ R1 R2, #36

Registers
R00:	0	0	0	0	0	0	0	0	
R08:	0	3	3	-2	4	4	12	0	
R16:	0	3	4	12	0	0	0	0	
R24:	0	-2	12	0	0	0	0	0	

Data
316:	-1	-1	-1	-1	-1	-1	-1	-1	
348:	-1	-2	-3	1	2	4	-4	10	

